0026457132
0026457181
0026457214
0026457255
0026457283
0026457292
0026457327
0026457354
0026457374
0026457390
0026457413
0026457417
0026457432
0192411909
0640543045
1208733606
1331761403
1738506772
1738506782
1738506796
1738506797
1738506798
1738506801
1738506802
1738506803
1738506805
1764823258
1764823996
1764845596
1839615112
2073741824
2444748477
2572445007
2573555012
2573556810
2573557049
2573557068
2573557561
2573557569
2573558095
2573558580
2573558607
2573559141
2574402353
2574404150
2574404664
2574405420
2574406709
2574408514
2574408515
2574409541
2574410559
2575244051
2575244819
3072666812
3426229768
3467620697
3805500752
3888000000
4020300946
4176439004
4210382195
4278190080
4279440147
4280094210
4281867784
4284506208
4286271789
4287581977
4289374890
4293110653
4293182117
4294700255
4294965232
4294967295
4373060885
4502761547
4629683327
5017932596
5030512015
5219174149
5460821439
5570541003
5599368925
5632228259
5673934416
5698063537
5707893226
5725742008
5789854149
5818732048
5829700777
5847454812
5851776710
5865621151
5896660519
5914239638
5951696779
5953946748
5958615355
5958947489
5959461827
6002292448
6026652709
6050962993
6067966345
6084682334
6084880156
6105618185
6115355210
6146095762
6173729462
6174266706
6180818790
6208512878
6249678668
6272021141
6281732136
6317975273
6328912767
6331651045
6351688366
6371427914
6372747076
6383011974
6383327448
6392908297
6409588886
6410424946
6411081924
6428661043
6444160945
6492995995
6538435789
6564703474
6582382545
6761173344
6787659675
6811409810
6833248356
6873893561
6910409484
6949999984
6955378669
6959543351
6960312775
6967993488
6971736496
6980472955
7030054525
7095259895
7099935791
7118649785
7134749401
7161037909
7189686750
7207601126
7240298037
7374918229
7444517898
7453513049
7568711250
8090300072
8686186769
8774112430
